33244324242
333434233244324242
333434233244324242
333434233244324242
333434233244324242
333434233244324242
333434233244324242
333434233244324242
333434233244324242
333434233244324242
333434233244324242
333434233244324242
333434233244324242
333434233244324242
333434233244324242
333434233244324242
333434233244324242
333434233244324242
333434233244324242
333434233244324242
333434233244324242
333434233244324242
333434233244324242
333434233244324242
333434233244324242
333434233244324242
333434233244324242
333434233244324242
333434233244324242
333434233244324242
333434233244324242
333434233244324242
3334342
